,ALGO,AENO,LSST,SRNA,ELLT,AMRP,OTCS,HETT,HUXZ,DUCT,SMAH,NPCK,MSDP,EORC,CUBO,HRET,ANSO,DIHO,RTTH,SPLZ,NWIG,MMBT,MDGI,AGVF,RRES,CTGI,ALUT,ACAC,SRTX,GARI,RCRI,ACIX,CCNS,MTNS,IHOZ,NAYO,FWWG,EELT,HRND,AETS,ULXY,BLBT,BENI,ITPA,HTRK,NGTE,ILVX,FCSG,FARS,MHRM,EAFC
ALGO,0.024663682129049014,0.022204286381354098,0.022719761597596658,0.020041408383856006,0.019124999681313773,0.027815817333692053,0.023650429492945955,0.01698374160927064,0.024818015267417892,0.027098081114167057,0.023950307722280312,0.01971510816274453,0.02651068864810785,0.02325754936158707,0.020986858702451733,0.02061095501033685,0.020126566637608097,0.022299817588490707,0.029483318849064043,0.02961487286350503,0.02010475045238986,0.04146593538362034,0.02245655377346753,0.02103602667957429,0.02855888814732783,0.03217651451067081,0.01739639941800068,0.02291313889778458,0.024309674444003726,0.028555322640146645,0.039212140621352656,0.020247309447678226,0.018152583893559705,0.02292491934600321,0.02230868700194315,0.035401702210545206,0.019001572872272443,0.03869475891874344,0.023645547578747407,0.033142530933597654,0.030331100245401466,0.01596454198543781,0.0147316858427893,0.01856922021644578,0.021378612870746966,0.026878882580992917,0.02022480477436585,0.025702012086095082,0.012377180108409998,0.023896588342694484,0.026542576599543663
AENO,0.022204286381354098,0.08745801923506444,0.023659160018357155,0.02480559609512417,0.01712094909008144,0.03405378040749715,0.016091631524990543,0.01634482274551553,0.02937077092714254,0.028355338535740054,0.024459600649813708,0.0239573805789775,0.01419429338544376,0.029452517231657305,0.0280738318776343,0.025034312217939267,0.024219480361082395,0.015692765842850218,0.017514811411996255,0.016124711230910128,0.02510732466410123,0.024682003569887097,0.020605602865180095,0.022168712028512325,0.015375258665504838,0.01776060867270576,0.011021591611760771,0.031315420755486024,0.03574544977811333,0.023717566949964197,0.02176452680610588,0.014736800942530243,0.014329975879786832,0.02493663967881575,0.02827853789563732,0.010832539977520853,0.01936503255066284,0.0109886082938035,0.01395583319306855,0.029940631083394828,0.03586452830497894,0.014175692168678141,0.01585507417034404,0.014536780249057874,0.024517608476913665,0.02551170000315244,0.02232083047962772,0.02090594421885166,0.009914182618197506,0.01541968725111097,0.020174477381498735
LSST,0.022719761597596658,0.023659160018357155,0.11151986373454953,0.0270115140900285,0.013976993782087613,0.0300287824326595,0.028602177937183122,0.023159055663796158,0.03004367500960429,0.03474708727061662,0.025733725556563655,0.03062462035846853,0.01936990442048583,0.026631440336744173,0.02317694382644218,0.021713939619090492,0.020046297540152302,0.022969308236813073,0.02151302775786933,0.017605575332237562,0.016978939876285102,0.02189679496195068,0.014559947193652552,0.014257919593421797,0.013802205118998339,0.018123452522000105,0.005662150471594606,0.03400327824478024,0.029324142777426926,0.02480305749071719,0.030858551746310716,0.012934770873491722,0.011097927289440528,0.023845802360501534,0.03267138608736081,0.01155097307887652,0.014902976572829227,0.013769020204007321,0.020993465604887632,0.022589770245971173,0.02995615063314318,0.01095759295227283,0.020203211601535147,0.014763699913781481,0.023949784071869002,0.025601656354201627,0.027356239400952605,0.01790876678353992,0.009722016756827191,0.021649141000614717,0.017342523085486717
SRNA,0.020041408383856006,0.02480559609512417,0.0270115140900285,0.06200480174772477,0.012495464126709384,0.023643941290448445,0.027049661305472362,0.016871207244499996,0.02607739576627699,0.027958374813932874,0.021888566315636643,0.019013495497763228,0.022667182163937274,0.019898204481630318,0.021716410664438964,0.03094986580157816,0.020637837362779805,0.01852615466687392,0.012595793283134826,0.018668036687881775,0.017442057239762807,0.011517790911396524,0.011915917837873446,0.016984921475347886,0.012946147556054026,0.016159492115332554,0.007951482891278432,0.022784697291674948,0.021762909970716938,0.02113229583875787,0.02326641588544367,0.01644345899179019,0.017744666728487218,0.029090905873833943,0.02372240974339762,0.016955386719254197,0.016695273428729666,0.01768426122728083,0.01226592477648999,0.021704999187244816,0.03236270618023961,0.01186122183420957,0.01941064148809502,0.013976557265291185,0.020331847190957635,0.024823078278114457,0.02112375162257732,0.013492092833807501,0.012947753026472691,0.013375424327132445,0.017482690938093338
ELLT,0.019124999681313773,0.01712094909008144,0.013976993782087613,0.012495464126709384,0.0748674690372497,0.030812284243756368,0.020125712780955835,0.010669031450368113,0.014700953261483766,0.01951060155616806,0.012325825333892954,0.009615458421314714,0.022188373195051538,0.016488426561289328,0.013763684014398878,0.0075674401173973956,0.009411203239341364,0.016345826055045764,0.014559013011943931,0.019142107579538842,0.014858156995750754,0.01577196084788644,0.014970754668473677,0.021625241966431806,0.021128170550349663,0.028829140182710145,0.019539166062356193,0.020066989953369363,0.014826792471580487,0.028723061469882644,0.02930059372387286,0.01945120992452211,0.020524516225504837,0.014629358942058503,0.013036011940965753,0.024602663871423236,0.017519940186668505,0.021966871306556297,0.020131592782005787,0.030777107204210435,0.00785575228619899,0.016094634555206856,0.009306267176144791,0.019666603346707983,0.016638520895297555,0.016594604233355424,0.013977700668571413,0.025899266110316795,0.010776084837947416,0.01878735224399369,0.023792725403317352
AMRP,0.027815817333692053,0.03405378040749715,0.0300287824326595,0.023643941290448445,0.030812284243756368,0.19199999861489941,0.03450875204169945,0.016682155957845727,0.0327420808129057,0.031257060161175104,0.028828971238696224,0.02695414872543148,0.016720879272042733,0.033688212103142,0.02831004765653582,0.019893795826272515,0.032425906114657545,0.024136578741879692,0.031217370115293852,0.0273957554391486,0.024027728778852394,0.006191233633138696,0.023092140731542657,0.023594830763435496,0.014609263785840836,0.033622319766073716,0.0173606072715777,0.03409264130725829,0.030077906196614032,0.03231366286314262,0.027672950275241123,0.02058023146964369,0.01542350952495468,0.038421905817536496,0.028350223406135484,0.02094197830998803,0.01615431961630575,0.014890512478469032,0.02775451694172475,0.04326856752599909,0.02629417976071779,0.017898874475288838,0.020582555812708514,0.02193724920747018,0.026075283937676393,0.03961648582626388,0.024602886663341764,0.03147758807464888,0.00841706121876144,0.013338521683054974,0.03829138752019277
OTCS,0.023650429492945955,0.016091631524990543,0.028602177937183122,0.027049661305472362,0.020125712780955835,0.03450875204169945,0.1779919496432421,0.019646263357969422,0.024160550205406126,0.041788146129622915,0.021319634898610766,0.024271961027420002,0.01948308062933931,0.02544550736633417,0.02237595059664939,0.02322824116712596,0.01627462219736827,0.013993929995287776,-0.00017083197370276144,0.018894288664971143,0.01937781478101993,0.004514379928836564,0.012235957938396779,0.01707094658952432,0.013620381961331083,0.03231354894860716,0.017704059264981694,0.017147765191106765,0.023883521519254183,0.02483552671172516,0.015786232781777706,0.009418539354560225,0.018634392120759596,0.03275363597057461,0.024489615360475912,0.017177278194309132,0.008829654812552443,0.017904433314594976,0.009077854643953486,0.020420787729237486,0.027797944476592337,0.008879131133518016,0.017792345061042603,0.012420073661111279,0.02559760271084598,0.027343336670256745,0.021396658390115588,0.013389668867250366,0.0007000631485945662,0.016971115700545682,0.011151903912890148
HETT,0.01698374160927064,0.01634482274551553,0.023159055663796158,0.016871207244499996,0.010669031450368113,0.016682155957845727,0.019646263357969422,0.0547806534221142,0.01664704309459716,0.01625591733027507,0.016437454711345997,0.017401383321841195,0.0178208858039693,0.01849039383731994,0.019222204058116775,0.01674869029839955,0.014999661917639249,0.015824052646816664,0.012041730558199378,0.014719259850865642,0.013110854514892321,0.021395095680808763,0.014584361254720608,0.012792378433574716,0.013529517072809,0.01935847395095677,0.009832673665740248,0.023276301582389372,0.021306179665508726,0.022813727765461648,0.02050833184690864,0.01178758005498286,0.012874679321664296,0.019232403092248322,0.017822552940896495,0.019928486886743018,0.011482415505940187,0.01635591899724134,0.012455501745180658,0.016205406388849115,0.016872515313984374,0.008152663202354972,0.015161881307486802,0.008747606531644038,0.016527302260916,0.023524675707876256,0.01849465900086136,0.012872954418465374,0.008555257324438037,0.008192719115053267,0.010540296894339135
HUXZ,0.024818015267417892,0.02937077092714254,0.03004367500960429,0.02607739576627699,0.014700953261483766,0.0327420808129057,0.024160550205406126,0.01664704309459716,0.11439540326447672,0.027629378030575892,0.02931911113391174,0.02003581021369082,0.023628980964682376,0.022530688824458665,0.028220772521316415,0.027757140763741077,0.020482889551898142,0.017261357016670486,0.0151394259724456,0.023193159683134828,0.024603613494115925,0.03483396549457222,0.018894017405240625,0.016377169944328272,0.015534733749031054,0.03273408436503852,0.0166571650927793,0.026483050645540542,0.030582075474899467,0.03354597810283153,0.030172712177175445,0.014770121345235747,0.017273954758097145,0.02810907060060262,0.028020610244467968,0.013971329858580453,0.017807333606340136,0.026573151302632585,0.012907501150381537,0.017194345546429724,0.032712307587406037,0.015138790867155133,0.017610538235567026,0.019263177207903298,0.029025943154457914,0.023330842130335906,0.02677626310891458,0.024425276915475542,0.012551948154540447,0.019949529137991282,0.025653423941120777
DUCT,0.027098081114167057,0.028355338535740054,0.03474708727061662,0.027958374813932874,0.01951060155616806,0.031257060161175104,0.041788146129622915,0.01625591733027507,0.027629378030575892,0.10935811398266884,0.0373468727637743,0.025358081019288676,0.029672479534037177,0.03170671832032073,0.024262787387615708,0.0307407652982449,0.024898056475447815,0.021002775703932376,0.013751483459385016,0.027444834056610523,0.026387357950013117,0.02568638785093555,0.012648937767437793,0.02051200975129673,0.01598705769918069,0.02236093470313858,0.018183950765367798,0.025381696246068734,0.02721005507366667,0.028864470664324397,0.03240349390017593,0.02126926055596716,0.022576759937603212,0.03096503238400572,0.03202688665736561,0.027457258113815233,0.024621333463482352,0.019921014145445913,0.011678147154481231,0.03940382735059607,0.0384827318669087,0.01721582336405125,0.022630470351761328,0.02009230210476163,0.02461268330009233,0.0408997040913897,0.02832895698370043,0.02429406047412932,0.01237042680153271,0.02711063518100088,0.029528683630462123
SMAH,0.023950307722280312,0.024459600649813708,0.025733725556563655,0.021888566315636643,0.012325825333892954,0.028828971238696224,0.021319634898610766,0.016437454711345997,0.02931911113391174,0.0373468727637743,0.11339612280473983,0.02249868654231601,0.023854906601387428,0.021830418499822618,0.02118833379796463,0.02003301262934156,0.021011129137674937,0.022150486237469687,0.012225225756216335,0.02690902006373417,0.019089394423866115,0.023579145525442314,0.022355602099409875,0.013254095330419824,0.027630078050796595,0.01639922312299612,0.013222810731453346,0.026102442755635717,0.03218566108318715,0.024997301767044237,0.023400469040946892,0.01749986557157872,0.015048954262389764,0.024285441659923353,0.030703125445694177,0.01939617042236987,0.01963130248951672,0.016067719093361712,0.009768670580543676,0.021173479389400295,0.03985630799443175,0.01485000327273722,0.01746146218226751,0.01687623420290936,0.029131570178734353,0.03000408017490458,0.021872425307992046,0.024653112636265496,0.009498398937574913,0.019721908565881453,0.01916841688412627
NPCK,0.01971510816274453,0.0239573805789775,0.03062462035846853,0.019013495497763228,0.009615458421314714,0.02695414872543148,0.024271961027420002,0.017401383321841195,0.02003581021369082,0.025358081019288676,0.02249868654231601,0.08188578209555503,0.021689243344427494,0.02927507101909856,0.02373164912289818,0.020166891242074693,0.01468180240330775,0.01351320305225908,0.020846472396125984,0.014986270699720266,0.02379649092361534,0.009609315598865747,0.020932843236467016,0.02168808900536614,0.010291622917379112,0.014406558674434702,0.011405753298776902,0.02727491491815932,0.029766832781603164,0.02308783501150064,0.01797806863253355,0.014017471281256634,0.0076387448981136965,0.02734841761060363,0.027262679397519026,0.011470760754312262,0.014483969004462853,0.01572305463053318,0.008948007100292036,0.024970630367660607,0.027562185633331043,0.008354844605906516,0.01688369744285918,0.011584271400597057,0.023938440557903284,0.02159127545587992,0.024534351724936378,0.014092021490502682,0.009127805824171763,0.010210154428689291,0.023615090369155125
MSDP,0.02651068864810785,0.01419429338544376,0.01936990442048583,0.022667182163937274,0.022188373195051538,0.016720879272042733,0.01948308062933931,0.0178208858039693,0.023628980964682376,0.029672479534037177,0.023854906601387428,0.021689243344427494,0.12367004680268066,0.026147331546647147,0.020978931823947836,0.018197787401525743,0.020700220425434727,0.022081175828950275,0.04116168470254884,0.05282062377438544,0.017008920400139908,0.030455820791291957,0.018426113192906775,0.017804298615483296,0.031201021445476235,0.028494657385322888,0.026949471989279362,0.02246933133334817,0.011951847372919037,0.033759168421044386,0.04092662452948532,0.02320196507195175,0.025280750830441085,0.024487217858814775,0.015063067365243037,0.02987234255510512,0.023997451671459884,0.029003276495160737,0.020390403590598596,0.04030021526135567,0.025335567756056884,0.020128789264845372,0.0160936080029117,0.026359124191290384,0.024428043490801306,0.024291951104590988,0.019635903017387796,0.027851523320218098,0.01647100328584009,0.04654257284600224,0.05076266054261335
EORC,0.02325754936158707,0.029452517231657305,0.026631440336744173,0.019898204481630318,0.016488426561289328,0.033688212103142,0.02544550736633417,0.01849039383731994,0.022530688824458665,0.03170671832032073,0.021830418499822618,0.02927507101909856,0.026147331546647147,0.1245970940276254,0.026019629020872265,0.014425610894042765,0.023328481805830532,0.014256625280016326,0.01637160760232502,0.026340240995058127,0.02144770378955663,0.012957621464508687,0.014774028833267033,0.017197340013510656,0.008236942075111584,0.021996370334083363,0.011548350565159543,0.028256364365613428,0.02828819261611205,0.02291799219761569,0.027241835777891608,0.016927064810223758,0.01347947881668833,0.030829575773721737,0.02387463163059735,0.023356917347199104,0.015400726381508231,0.02308369946109846,0.016805494526968147,0.02721810568477211,0.02557337156465785,0.009515897002322088,0.016831095399463588,0.01145511588434469,0.022463467132979035,0.029297112790877697,0.0263083670875658,0.01822099249436995,0.009337259820588256,0.019119034284760004,0.025330894065521765
CUBO,0.020986858702451733,0.0280738318776343,0.02317694382644218,0.021716410664438964,0.013763684014398878,0.02831004765653582,0.02237595059664939,0.019222204058116775,0.028220772521316415,0.024262787387615708,0.02118833379796463,0.02373164912289818,0.020978931823947836,0.026019629020872265,0.06524550258232291,0.02227213341600547,0.021820293473789904,0.018743607808969383,0.014499168264955677,0.017105620565226968,0.028856738928870657,0.017205324649999108,0.01256490958050019,0.01890724884414545,0.01639768752106563,0.022810991747316045,0.004286580955327013,0.022766461875452598,0.028756361155156528,0.01738068968786061,0.013648650622041169,0.009463760148768702,0.011298469651314015,0.02984159407388534,0.021648335135636115,0.023062026117009297,0.01940697679427221,0.0224565737928311,0.008391783403112101,0.025761904712658417,0.04171796866911787,0.010232275958985713,0.02111257601916774,0.011849891112044078,0.023988345163166953,0.023930068668863613,0.020695511646958657,0.016268180877769257,0.010460007558855185,0.015254347105671572,0.019052770344413425
HRET,0.02061095501033685,0.025034312217939267,0.021713939619090492,0.03094986580157816,0.0075674401173973956,0.019893795826272515,0.02322824116712596,0.01674869029839955,0.027757140763741077,0.0307407652982449,0.02003301262934156,0.020166891242074693,0.018197787401525743,0.014425610894042765,0.02227213341600547,0.12494772012778706,0.016410148226195072,0.025705874785463323,0.007125941867236218,0.008511654692379297,0.01869438672081863,0.02688915120891269,0.012904187135607698,0.017319495017999315,0.014986581973163566,0.010283988531583766,0.0062205287799990345,0.01510634648687565,0.022327681740351688,0.01950418310340896,0.02690359502862785,0.01334563265822731,0.019911681344599027,0.02565578247239811,0.028427369576328788,0.013520400639505058,0.016716009489924192,0.013342966983839752,0.012698697590404536,0.022457725982474773,0.037481536715193026,0.013016503472797602,0.01809213388483089,0.010639192834858492,0.014883865940525617,0.02715945720707189,0.01981739065385058,0.016065656301128977,0.009225996484269909,0.00921892406466134,0.017425963600191458
ANSO,0.020126566637608097,0.024219480361082395,0.020046297540152302,0.020637837362779805,0.009411203239341364,0.032425906114657545,0.01627462219736827,0.014999661917639249,0.020482889551898142,0.024898056475447815,0.021011129137674937,0.01468180240330775,0.020700220425434727,0.023328481805830532,0.021820293473789904,0.016410148226195072,0.10175799215231722,0.021687845491427462,0.009623849843523298,0.03212119339963482,0.018331784553441546,0.011697853774629709,0.011527949306606283,0.013875263346225975,0.016695293132710284,0.011810253393950603,0.019298194696729425,0.02948217581714557,0.021369493142521543,0.017931349269842838,0.024035214966001854,0.00966645050599748,0.010893428544192098,0.02413512125883663,0.023838264609270278,0.012872586044552168,0.010040042732043971,0.013372632552062747,0.01081352127563622,0.021885958560977532,0.0347420122409918,0.012221678099072474,0.016204125120712145,0.013000389142291052,0.02000855607432692,0.02425956638234729,0.020956322898450286,0.01884749597843782,0.008252575733780281,0.021349999640079376,0.017771990710234015
DIHO,0.022299817588490707,0.015692765842850218,0.022969308236813073,0.01852615466687392,0.016345826055045764,0.024136578741879692,0.013993929995287776,0.015824052646816664,0.017261357016670486,0.021002775703932376,0.022150486237469687,0.01351320305225908,0.022081175828950275,0.014256625280016326,0.018743607808969383,0.025705874785463323,0.021687845491427462,0.10954075790586597,0.019087823863256297,0.03311893320892566,0.011140089987115315,0.021108405124245617,0.014290352281749226,0.021799066146331376,0.017957239243823673,0.017722344289934966,0.021876116332235778,0.013992775863094666,0.018384725478786088,0.0259541529478012,0.03920193835856976,0.024131087263729388,0.011023587983544915,0.02074718886636833,0.015427207882707778,0.018621265426936765,0.02195542610309439,0.03325125305449109,0.03407044120432432,0.02990812801078391,0.031076345667162834,0.016657094423278333,0.013759406086039788,0.018569905694990684,0.01643580501008555,0.02227908428600534,0.01879289272116145,0.02342964246101559,0.015516582709986158,0.014630135656139803,0.0319269587762854
RTTH,0.029483318849064043,0.017514811411996255,0.02151302775786933,0.012595793283134826,0.014559013011943931,0.031217370115293852,-0.00017083197370276144,0.012041730558199378,0.0151394259724456,0.013751483459385016,0.012225225756216335,0.020846472396125984,0.04116168470254884,0.01637160760232502,0.014499168264955677,0.007125941867236218,0.009623849843523298,0.019087823863256297,0.2560987024155845,0.038229872826957424,0.019686131419106086,0.06503322934682246,0.026628025096171307,0.01859623698442276,0.06412911076286582,0.059487027470065255,0.017764020079020372,0.015955160318650918,0.017168633296043144,0.027700473050353353,0.06539116807626791,0.027983034572435304,0.015361973808153887,0.009406872575135429,0.005567710358828586,0.05967776476291785,0.016609722454008238,0.06987321638505198,0.027226157955302775,0.024836095464561253,0.014357210542336981,0.017356604606797804,0.010614970148724612,0.01714633656792491,0.014542280273293118,0.016645017257151888,0.013103384313528425,0.036048822141793155,0.00942171030902209,0.023067296191746845,0.032760077563633395
SPLZ,0.02961487286350503,0.016124711230910128,0.017605575332237562,0.018668036687881775,0.019142107579538842,0.0273957554391486,0.018894288664971143,0.014719259850865642,0.023193159683134828,0.027444834056610523,0.02690902006373417,0.014986270699720266,0.05282062377438544,0.026340240995058127,0.017105620565226968,0.008511654692379297,0.03212119339963482,0.03311893320892566,0.038229872826957424,0.16339658142578783,0.024024283442812763,0.040018938154328734,0.031939110664523734,0.032657235815531635,0.032216113984313136,0.023322472790951974,0.03509815416759514,0.02202915910331023,0.022323554720451305,0.03511041054771691,0.04342634565497991,0.025098366724898836,0.018957358807617467,0.02417915442588875,0.02549040012351175,0.01938843539560141,0.022898247386492588,0.037602515257969316,0.038014168030798025,0.0500369578035984,0.02872607831974708,0.02349278580570234,0.017256632880908156,0.02106508004171862,0.021164188852386863,0.02134917411267071,0.019597701084872705,0.03963515129308727,0.022264651958006764,0.04604618339171749,0.05081858208570869
NWIG,0.02010475045238986,0.02510732466410123,0.016978939876285102,0.017442057239762807,0.014858156995750754,0.024027728778852394,0.01937781478101993,0.013110854514892321,0.024603613494115925,0.026387357950013117,0.019089394423866115,0.02379649092361534,0.017008920400139908,0.02144770378955663,0.028856738928870657,0.01869438672081863,0.018331784553441546,0.011140089987115315,0.019686131419106086,0.024024283442812763,0.11267209478398778,0.013317169821057483,0.012681524788895306,0.018551756007737546,0.015371822961293633,0.014041049160723297,0.013451053377757993,0.02579969707617815,0.027645172416755653,0.014704067088372639,0.01622632778492125,0.011990333168432041,0.011424687793881278,0.021443494273957184,0.03050662877627131,0.01627195106759456,0.020459456161355048,0.013584032805394728,0.004454254962427179,0.019743533567089355,0.027314457068044404,0.011989033959176582,0.01619707495224029,0.013556220411336759,0.026086239248289407,0.03224974948617643,0.02343516950264298,0.014226212968940112,0.008793058110750795,0.015615897630530522,0.024228365896919856
MMBT,0.04146593538362034,0.024682003569887097,0.02189679496195068,0.011517790911396524,0.01577196084788644,0.006191233633138696,0.004514379928836564,0.021395095680808763,0.03483396549457222,0.02568638785093555,0.023579145525442314,0.009609315598865747,0.030455820791291957,0.012957621464508687,0.017205324649999108,0.02688915120891269,0.011697853774629709,0.021108405124245617,0.06503322934682246,0.040018938154328734,0.013317169821057483,0.41900356824756074,0.03094263529901486,0.020583208590705823,0.07479446485414484,0.06361468329543837,0.0028158175497046785,0.020580245892515173,0.02209108264438071,0.018975076088892706,0.09179881492080481,0.021724790358520728,0.01484302849413221,0.004211371442857547,0.01830489663584177,0.10232358619766388,0.020845416820647156,0.09810906732750066,0.017229944885503303,0.03609956836295129,0.022596975915379562,0.025161300756367664,0.004178453644609841,0.01912900777749639,0.014336886749725261,0.020020401507373265,0.0183652226156856,0.0181372991693783,0.006948120635668841,0.03249478195196827,0.013310013458035388
MDGI,0.02245655377346753,0.020605602865180095,0.014559947193652552,0.011915917837873446,0.014970754668473677,0.023092140731542657,0.012235957938396779,0.014584361254720608,0.018894017405240625,0.012648937767437793,0.022355602099409875,0.020932843236467016,0.018426113192906775,0.014774028833267033,0.01256490958050019,0.012904187135607698,0.011527949306606283,0.014290352281749226,0.026628025096171307,0.031939110664523734,0.012681524788895306,0.03094263529901486,0.11247524532457955,0.021174482948729305,0.028259082701817727,0.022991684014809593,0.014646671773841475,0.01605200785138453,0.019646715658404434,0.025956811282550406,0.031153101691404426,0.02568034173091086,0.010334114089827939,0.01712473742253384,0.016567233743617377,0.03458449821624319,0.014550100900721643,0.03380728102270958,0.033679857932498204,0.028636174242367595,0.015080955202390839,0.01447821987771029,0.007420497640698316,0.02589648942067171,0.02127878620382037,0.02176759183495782,0.014872477964205776,0.024275575350281426,0.009629964314536133,0.0216333270339388,0.02547939154399776
AGVF,0.02103602667957429,0.022168712028512325,0.014257919593421797,0.016984921475347886,0.021625241966431806,0.023594830763435496,0.01707094658952432,0.012792378433574716,0.016377169944328272,0.02051200975129673,0.013254095330419824,0.02168808900536614,0.017804298615483296,0.017197340013510656,0.01890724884414545,0.017319495017999315,0.013875263346225975,0.021799066146331376,0.01859623698442276,0.032657235815531635,0.018551756007737546,0.020583208590705823,0.021174482948729305,0.09738529080582269,0.017689788975969966,0.024096152893575314,0.022096067265001677,0.014283492669233368,0.021973165119536908,0.021506919160350895,0.03550420291313988,0.01857461500599047,0.01622051747441877,0.019161066139058155,0.02220732693282151,0.01758967466912821,0.01763385315388273,0.03530141319239353,0.031566683708423346,0.029504585606359584,0.01479016308664929,0.015371077882383965,0.011325911061204303,0.014942248671825285,0.015824291186556906,0.019159119299017462,0.018624680514572407,0.022296984434548448,0.008544765376037624,0.023517917303490107,0.029149470866163766
RRES,0.02855888814732783,0.015375258665504838,0.013802205118998339,0.012946147556054026,0.021128170550349663,0.014609263785840836,0.013620381961331083,0.013529517072809,0.015534733749031054,0.01598705769918069,0.027630078050796595,0.010291622917379112,0.031201021445476235,0.008236942075111584,0.01639768752106563,0.014986581973163566,0.016695293132710284,0.017957239243823673,0.06412911076286582,0.032216113984313136,0.015371822961293633,0.07479446485414484,0.028259082701817727,0.017689788975969966,0.15050705555522056,0.06391541181200418,0.0040734036033158,0.015587401367231163,0.017229541324968546,0.02994430615846381,0.07201704754641175,0.018187537023836527,0.014872010423229177,0.017319070874425774,0.009406347394865218,0.08362164114259078,0.018184687426604833,0.062080821684546456,0.025529509745997426,0.024039463733623926,0.020579274052834256,0.019779186452234577,0.009927534331117174,0.01943623971796833,0.011911434016679627,0.024673543732602273,0.011441992518139616,0.03233001017021547,0.010936633566680466,0.019817534788653876,0.020436929159523776
CTGI,0.03217651451067081,0.01776060867270576,0.018123452522000105,0.016159492115332554,0.028829140182710145,0.033622319766073716,0.03231354894860716,0.01935847395095677,0.03273408436503852,0.02236093470313858,0.01639922312299612,0.014406558674434702,0.028494657385322888,0.021996370334083363,0.022810991747316045,0.010283988531583766,0.011810253393950603,0.017722344289934966,0.059487027470065255,0.023322472790951974,0.014041049160723297,0.06361468329543837,0.022991684014809593,0.024096152893575314,0.06391541181200418,0.2353915523890664,0.0037926848284601205,0.018571140633349446,0.023842725920993645,0.030212422308971105,0.07087540222550465,0.012654983750658462,0.011804975191250984,0.020607464946269284,0.012793225217487119,0.07770644569537391,0.013006517206144715,0.06349556144208422,0.017543165070958298,0.0393574177739371,0.04065339752109826,0.01724430225744475,0.012661550961262012,0.022515835223187106,0.01895836497158274,0.03112564266422076,0.014883627877663402,0.01902245217073037,0.011578281263666558,0.013133741859450394,0.016768578351917685
ALUT,0.01739639941800068,0.011021591611760771,0.005662150471594606,0.007951482891278432,0.019539166062356193,0.0173606072715777,0.017704059264981694,0.009832673665740248,0.0166571650927793,0.018183950765367798,0.013222810731453346,0.011405753298776902,0.026949471989279362,0.011548350565159543,0.004286580955327013,0.0062205287799990345,0.019298194696729425,0.021876116332235778,0.017764020079020372,0.03509815416759514,0.013451053377757993,0.0028158175497046785,0.014646671773841475,0.022096067265001677,0.0040734036033158,0.0037926848284601205,0.1084741295786393,0.015913621691261225,0.010410016754003644,0.02734070939062471,0.026684614754779633,0.022686186570491453,0.023577405275159235,0.011205710961410488,0.015611286119411384,0.011303054602963885,0.014386547149973889,0.017324646309740052,0.017801177359289933,0.026378385592717626,0.014812279793766077,0.018891389340545673,0.004263712157858696,0.0183150563549212,0.019462664342556193,0.012432457242876902,0.01623073449387779,0.021622596590474583,0.008723247612119317,0.02726872189250905,0.03941092747384343
ACAC,0.02291313889778458,0.031315420755486024,0.03400327824478024,0.022784697291674948,0.020066989953369363,0.03409264130725829,0.017147765191106765,0.023276301582389372,0.026483050645540542,0.025381696246068734,0.026102442755635717,0.02727491491815932,0.02246933133334817,0.028256364365613428,0.022766461875452598,0.01510634648687565,0.02948217581714557,0.013992775863094666,0.015955160318650918,0.02202915910331023,0.02579969707617815,0.020580245892515173,0.01605200785138453,0.014283492669233368,0.015587401367231163,0.018571140633349446,0.015913621691261225,0.09829069679240916,0.03405623928355932,0.029283036514106516,0.019369867979656324,0.02090601918344546,0.016254481785691687,0.029164891196559302,0.02473023813579544,0.014522039809998145,0.012048081900370775,0.01350636400278433,0.00987486957083034,0.0248220819348325,0.031944130109653475,0.013455098396092545,0.0188533079880602,0.015538627937161516,0.02923521154659324,0.021058093057645385,0.026732457588770193,0.020917183557867747,0.0125546835357792,0.021016734728020018,0.023727736761002687
SRTX,0.024309674444003726,0.03574544977811333,0.029324142777426926,0.021762909970716938,0.014826792471580487,0.030077906196614032,0.023883521519254183,0.021306179665508726,0.030582075474899467,0.02721005507366667,0.03218566108318715,0.029766832781603164,0.011951847372919037,0.02828819261611205,0.028756361155156528,0.022327681740351688,0.021369493142521543,0.018384725478786088,0.017168633296043144,0.022323554720451305,0.027645172416755653,0.02209108264438071,0.019646715658404434,0.021973165119536908,0.017229541324968546,0.023842725920993645,0.010410016754003644,0.03405623928355932,0.10188361269497904,0.022300738434272986,0.02628630588835726,0.014338215269005354,0.015844246261297493,0.022333932043362374,0.034266269081456996,0.020445671156275592,0.015327549820333505,0.021522190076666847,0.015512032290248258,0.028807718796984624,0.03927469091880906,0.014170742571219598,0.01790539129385534,0.009386264888275632,0.024099715966271477,0.030218908082509575,0.025688886910257964,0.028997883959435384,0.009812900676737266,0.011048359521510901,0.023694420097729995
GARI,0.028555322640146645,0.023717566949964197,0.02480305749071719,0.02113229583875787,0.028723061469882644,0.03231366286314262,0.02483552671172516,0.022813727765461648,0.03354597810283153,0.028864470664324397,0.024997301767044237,0.02308783501150064,0.033759168421044386,0.02291799219761569,0.01738068968786061,0.01950418310340896,0.017931349269842838,0.0259541529478012,0.027700473050353353,0.03511041054771691,0.014704067088372639,0.018975076088892706,0.025956811282550406,0.021506919160350895,0.02994430615846381,0.030212422308971105,0.02734070939062471,0.029283036514106516,0.022300738434272986,0.12254553688045977,0.044304991466186265,0.03169438603409332,0.023685387804705423,0.023727677566299406,0.028222659526702665,0.03659604965611082,0.02165985690770493,0.03775333948809639,0.039440100834371904,0.041774122155876725,0.021459593455163403,0.024149823853938886,0.015770822512761015,0.02519069985663379,0.026936154113859526,0.025368628455317118,0.023524522185497044,0.03739471826376325,0.01937008721175986,0.04031807339443169,0.03081516656991286
RCRI,0.039212140621352656,0.02176452680610588,0.030858551746310716,0.02326641588544367,0.02930059372387286,0.027672950275241123,0.015786232781777706,0.02050833184690864,0.030172712177175445,0.03240349390017593,0.023400469040946892,0.01797806863253355,0.04092662452948532,0.027241835777891608,0.013648650622041169,0.02690359502862785,0.024035214966001854,0.03920193835856976,0.06539116807626791,0.04342634565497991,0.01622632778492125,0.09179881492080481,0.031153101691404426,0.03550420291313988,0.07201704754641175,0.07087540222550465,0.026684614754779633,0.019369867979656324,0.02628630588835726,0.044304991466186265,0.2847499599712504,0.022924726364201235,0.03183124724072945,0.02588098727964659,0.02704653906457957,0.08037219398807166,0.031144258517244863,0.085540111824704,0.04792319098691931,0.027481844371894288,0.027469261943829017,0.02449783398684542,0.014184413027694548,0.018765278270176232,0.025192815477708023,0.027250497877207097,0.020136269628940495,0.03572195359219765,0.01652856085141773,0.03484594816801025,0.036256406176493686
ACIX,0.020247309447678226,0.014736800942530243,0.012934770873491722,0.01644345899179019,0.01945120992452211,0.02058023146964369,0.009418539354560225,0.01178758005498286,0.014770121345235747,0.02126926055596716,0.01749986557157872,0.014017471281256634,0.02320196507195175,0.016927064810223758,0.009463760148768702,0.01334563265822731,0.00966645050599748,0.024131087263729388,0.027983034572435304,0.025098366724898836,0.011990333168432041,0.021724790358520728,0.02568034173091086,0.01857461500599047,0.018187537023836527,0.012654983750658462,0.022686186570491453,0.02090601918344546,0.014338215269005354,0.03169438603409332,0.022924726364201235,0.06827718469948194,0.015229479754060178,0.014078558116623495,0.01466003696179286,0.025536383757360417,0.02229161755872548,0.023565668791017656,0.02902350899961398,0.03209397624154768,0.017796238899294027,0.016111692186728897,0.006867321491796937,0.02762639200290629,0.015367033800585805,0.02270769389023716,0.01626917353510951,0.02936980827195377,0.01638555881040634,0.02784280748102538,0.026379591735051233
CCNS,0.018152583893559705,0.014329975879786832,0.011097927289440528,0.017744666728487218,0.020524516225504837,0.01542350952495468,0.018634392120759596,0.012874679321664296,0.017273954758097145,0.022576759937603212,0.015048954262389764,0.0076387448981136965,0.025280750830441085,0.01347947881668833,0.011298469651314015,0.019911681344599027,0.010893428544192098,0.011023587983544915,0.015361973808153887,0.018957358807617467,0.011424687793881278,0.01484302849413221,0.010334114089827939,0.01622051747441877,0.014872010423229177,0.011804975191250984,0.023577405275159235,0.016254481785691687,0.015844246261297493,0.023685387804705423,0.03183124724072945,0.015229479754060178,0.12400322117123755,0.01158239869639909,0.014726871875956582,0.0303583804083453,0.014858908335222581,0.032431585950378816,0.006208266097606848,0.026082604394767263,0.008051933790716838,0.011075461319324293,0.010099210794192418,0.011990278154637019,0.016296681340197336,0.014591463203767885,0.012573780225188926,0.029584481712586312,0.012393373852187677,0.02055167760928396,0.01624380955552934
MTNS,0.02292491934600321,0.02493663967881575,0.023845802360501534,0.029090905873833943,0.014629358942058503,0.038421905817536496,0.03275363597057461,0.019232403092248322,0.02810907060060262,0.03096503238400572,0.024285441659923353,0.02734841761060363,0.024487217858814775,0.030829575773721737,0.02984159407388534,0.02565578247239811,0.02413512125883663,0.02074718886636833,0.009406872575135429,0.02417915442588875,0.021443494273957184,0.004211371442857547,0.01712473742253384,0.019161066139058155,0.017319070874425774,0.020607464946269284,0.011205710961410488,0.029164891196559302,0.022333932043362374,0.023727677566299406,0.02588098727964659,0.014078558116623495,0.01158239869639909,0.09389523717794929,0.028509024877348355,0.014054651868259048,0.015236459193473523,0.01119811006095329,0.009155975822978472,0.026415289707735108,0.03836228163055213,0.008473113725365576,0.021057799693097987,0.018787582362615712,0.027467938715595046,0.03401402866868391,0.024288149369109363,0.02241961443729575,0.011593673977629738,0.014620674615196219,0.023308223038827448
IHOZ,0.02230868700194315,0.02827853789563732,0.03267138608736081,0.02372240974339762,0.013036011940965753,0.028350223406135484,0.024489615360475912,0.017822552940896495,0.028020610244467968,0.03202688665736561,0.030703125445694177,0.027262679397519026,0.015063067365243037,0.02387463163059735,0.021648335135636115,0.028427369576328788,0.023838264609270278,0.015427207882707778,0.005567710358828586,0.02549040012351175,0.03050662877627131,0.01830489663584177,0.016567233743617377,0.02220732693282151,0.009406347394865218,0.012793225217487119,0.015611286119411384,0.02473023813579544,0.034266269081456996,0.028222659526702665,0.02704653906457957,0.01466003696179286,0.014726871875956582,0.028509024877348355,0.08614995572824699,0.01272895601568022,0.015255899558480276,0.013978989622519398,0.026510545426342572,0.02753078339785485,0.031827680999546686,0.010964066860164195,0.018121671702415562,0.011133042631858658,0.023296174456392947,0.025769579396418427,0.029226591286465223,0.020156280522065508,0.010104846240832372,0.020436036473354246,0.02058766143344412
NAYO,0.035401702210545206,0.010832539977520853,0.01155097307887652,0.016955386719254197,0.024602663871423236,0.02094197830998803,0.017177278194309132,0.019928486886743018,0.013971329858580453,0.027457258113815233,0.01939617042236987,0.011470760754312262,0.02987234255510512,0.023356917347199104,0.023062026117009297,0.013520400639505058,0.012872586044552168,0.018621265426936765,0.05967776476291785,0.01938843539560141,0.01627195106759456,0.10232358619766388,0.03458449821624319,0.01758967466912821,0.08362164114259078,0.07770644569537391,0.011303054602963885,0.014522039809998145,0.020445671156275592,0.03659604965611082,0.08037219398807166,0.025536383757360417,0.0303583804083453,0.014054651868259048,0.01272895601568022,0.2729134985442036,0.022381987107034818,0.10698357496448453,0.033392302092674866,0.045889714302349296,0.009498736705345288,0.01606197596521014,0.008409086550319191,0.01876543849052851,0.008343756456435297,0.03201488734790832,0.01458914501288874,0.023113344188994443,0.010377925902950443,0.0297413031214803,0.016072271376387205
FWWG,0.019001572872272443,0.01936503255066284,0.014902976572829227,0.016695273428729666,0.017519940186668505,0.01615431961630575,0.008829654812552443,0.011482415505940187,0.017807333606340136,0.024621333463482352,0.01963130248951672,0.014483969004462853,0.023997451671459884,0.015400726381508231,0.01940697679427221,0.016716009489924192,0.010040042732043971,0.02195542610309439,0.016609722454008238,0.022898247386492588,0.020459456161355048,0.020845416820647156,0.014550100900721643,0.01763385315388273,0.018184687426604833,0.013006517206144715,0.014386547149973889,0.012048081900370775,0.015327549820333505,0.02165985690770493,0.031144258517244863,0.02229161755872548,0.014858908335222581,0.015236459193473523,0.015255899558480276,0.022381987107034818,0.05851866651636308,0.029672020744507116,0.022642106783109475,0.027881466286875222,0.02329498969737165,0.017639213635032912,0.010930027732741423,0.021973494395143733,0.010299647957335983,0.01937137279423911,0.016923603027179535,0.018140968128303327,0.017776620182403204,0.02092044646953642,0.022468742360497836
